(28,19)
(27,19)
(29,19)
(27,20)
(29,20)
(27,21)
(29,21)
(27,22)
(26,22)
(25,22)
(24,22)
(29,22)
(30,22)
(31,22)
(32,22)
(24,23)
(24,24)
(25,24)
(26,24)
(27,24)
(27,25)
(27,26)
(27,27)
(27,28)
(27,29)
(27,30)
(28,30)
(29,30)
(29,29)
(29,28)
(29,27)
(29,26)
(29,25)
(29,24)
(30,24)
(31,24)
(32,24)
(32,23)
(28,17)
(27,17)
(26,17)
(25,17)
(23,17)
(24,17)
(22,17)
(22,18)
(22,19)
(22,21)
(22,20)
(22,22)
(22,23)
(22,24)
(22,25)
(22,26)
(22,27)
(22,28)
(22,29)
(22,30)
(22,31)
(22,32)
(23,32)
(24,32)
(25,32)
(26,32)
(27,32)
(28,32)
(29,32)
(30,32)
(31,32)
(32,32)
(33,32)
(34,32)
(34,31)
(34,30)
(34,29)
(34,28)
(34,27)
(34,26)
(34,25)
(34,24)
(34,23)
(34,22)
(34,21)
(34,20)
(34,19)
(34,18)
(34,17)
(33,17)
(32,17)
(31,17)
(30,17)
(29,17)

