(0,0)
(0,1)
(0,2)
(0,3)
(0,4)
(1,4)
(2,5)
(3,5)
(1,5)
(3,5)
(2,6)
(1,6)
(1,4)
(0,4)
(0,3)
(0,2)
(0,1)
(0,0)
(6,5)
(8,5)
(10,5)
(4,5)
(11,5)
(11,6)
(11,7)
(10,5)
(8,5)
(6,5)
(4,5)
(12,4)
(12,8)
(13,3)
(14,3)
(13,9)
(14,9)
(15,6)
(16,4)
(16,8)
(17,5)
(17,6)
(17,7)
(18,6)
(21,5)
(22,5)
(22,4)
(22,3)
(21,3)
(21,4)
(23,2)
(23,6)
(25,2)
(25,1)
(25,6)
(25,7)
(26,3)
(27,3)
(28,3)
(29,4)
(30,4)
(31,4)
(32,3)
(33,3)
(34,3)
(35,3)
(36,3)
(36,4)
(35,4)
(34,3)
(33,3)
(32,3)
(31,4)
(29,4)
(30,4)
(28,3)
(27,3)
(26,3)


